2 97 47 2 61 62
4 96 48 3 63 64
6 95 49 5 65 66
8 94 50 7 67 68
10 93 51 11 69 70
12 92 52 13 71 72
14 91 53 17 73 74
16 90 54 19 75 76
18 89 55 23 77 78
20 88 56 29 79 80
22 87 57 31 81 82
24 86 58 37 83 84
26 85 59 41 85 86
28 84 60 43 87 88
30 83 61 47 89 90
32 82 62 53 91 92
34 81 63 59 93 94
36 80 64 61 95 96
38 79 65 67 97 98
40 78 66 71 99 100
42 77 67 73 101 102
44 76 68 79 103 104
46 75 69 83 105 106
48 74 70 89 107 108
50 73 71 97 109 110
52 72 72 101 111 112
54 71 73 103 113 114
56 70 74 107 115 116